% time-domain voltage integration by openEMS v0.0.35-28-g6133dea @Mon Jan  8 13:32:13 2018
% start-coordinates: (0.51,0.00075,0) m -> [87,90,79]
% stop-coordinates: (0.51,0.0171,0) m -> [87,99,79]
% t/s	voltage
0	0
4.98607699515e-10	-0.00229351456801
9.9721539903e-10	-0.00513912408496
1.49582309855e-09	-0.00703812472057
1.99443079806e-09	-0.00599454718758
2.49303849758e-09	-0.00035729719275
2.99164619709e-09	0.00989797219518
3.49025389661e-09	0.0218226748984
3.98886159612e-09	0.0292905085953
4.48746929564e-09	0.0245592748979
4.98607699515e-09	0.00194291197113
5.48468469467e-09	-0.0372321564937
5.98329239418e-09	-0.0808590699453
6.4819000937e-09	-0.106362028513
6.98050779321e-09	-0.0876834630035
7.47911549273e-09	-0.00855437311111
7.97772319224e-09	0.122211969458
8.47633089176e-09	0.261424858123
8.97493859127e-09	0.336977611296
9.47354629079e-09	0.273168333806
9.9721539903e-09	0.031304064556
1.04707616898e-08	-0.349925920367
1.09693693893e-08	-0.7375112921
1.14679770888e-08	-0.931578740478
1.19665847884e-08	-0.742430541664
1.24651924879e-08	-0.096608996857
1.29638001874e-08	0.873917005956
1.34624078869e-08	1.81538481265
1.39610155864e-08	2.24714440852
1.44596232859e-08	1.7604111582
1.49582309855e-08	0.254063702188
1.5456838685e-08	-1.90376763046
1.59554463845e-08	-3.89900800586
1.6454054084e-08	-4.72978000343
1.69526617835e-08	-3.64179968834
1.7451269483e-08	-0.572737677023
1.79498771825e-08	3.61747652292
1.84484848821e-08	7.30683270097
1.89470925816e-08	8.68670347333
1.94457002811e-08	6.57308003306
1.99443079806e-08	1.11118821055
2.04429156801e-08	-5.99573871493
2.09415233796e-08	-11.9481362104
2.14401310792e-08	-13.9213292003
2.19387387787e-08	-10.3510261178
2.24373464782e-08	-1.86059365422
2.29359541777e-08	8.66815418005
2.34345618772e-08	17.0481233597
2.39331695767e-08	19.4683672786
2.44317772762e-08	14.2224346399
2.49303849758e-08	2.69423235953
2.54289926753e-08	-10.9310967922
2.59276003748e-08	-21.2262865305
2.64262080743e-08	-23.758510232
2.69248157738e-08	-17.0514323711
2.74234234733e-08	-3.37915280461
2.79220311728e-08	12.0246017575
2.84206388724e-08	23.0631332397
2.89192465719e-08	25.3032886982
2.94178542714e-08	17.8391149044
2.99164619709e-08	3.67521588504
3.04150696704e-08	-11.5393890738
3.09136773699e-08	-21.8701040149
3.14122850695e-08	-23.5204116106
3.1910892769e-08	-16.287394166
3.24095004685e-08	-3.46937283874
3.2908108168e-08	9.66204959154
3.34067158675e-08	18.1025009751
3.3905323567e-08	19.0847122073
3.44039312665e-08	12.9792100191
3.49025389661e-08	2.84431658685
3.54011466656e-08	-7.06092503667
3.58997543651e-08	-13.082384944
3.63983620646e-08	-13.5203421712
3.68969697641e-08	-9.0285987854
3.73955774636e-08	-2.02561123669
3.78941851632e-08	4.50612479448
3.83927928627e-08	8.25761967897
3.88914005622e-08	8.36490216851
3.93900082617e-08	5.4827169627
3.98886159612e-08	1.25240951031
4.03872236607e-08	-2.51383832097
4.08858313602e-08	-4.55470956862
4.13844390598e-08	-4.52058960497
4.18830467593e-08	-2.90577943623
4.23816544588e-08	-0.670776564628
4.28802621583e-08	1.22815086693
4.33788698578e-08	2.19652231783
4.38774775573e-08	2.13353914768
4.43760852568e-08	1.342286814
4.48746929564e-08	0.309262651019
4.53733006559e-08	-0.527090707794
4.58719083554e-08	-0.92617655918
4.63705160549e-08	-0.877816423774
4.68691237544e-08	-0.538020605221
4.73677314539e-08	-0.12073404016
4.78663391535e-08	0.199643643573
4.8364946853e-08	0.340637390502
4.88635545525e-08	0.31269587297
4.9362162252e-08	0.184607596137
4.98607699515e-08	0.0381451260764
5.0359377651e-08	-0.0670265904628
5.08579853505e-08	-0.108023995999
5.13565930501e-08	-0.0942469597794
5.18552007496e-08	-0.0520474584773
5.23538084491e-08	-0.00839291347074
5.28524161486e-08	0.0197557112551
5.33510238481e-08	0.0281941728899
5.38496315476e-08	0.0221387087367
5.43482392472e-08	0.0103955580271
5.48468469467e-08	0.000327408515659
5.53454546462e-08	-0.00462263957888
5.58440623457e-08	-0.00477380893426
5.63426700452e-08	-0.0024926814076
5.68412777447e-08	-0.000240862897954
5.73398854442e-08	0.000563234993024
5.78384931438e-08	-0.00110244718599
5.83371008433e-08	-0.00266054856911
5.88357085428e-08	-0.00301615949138
5.93343162423e-08	-0.00217272257578
5.98329239418e-08	-0.00069509271998
6.03315316413e-08	0.000679791442963
6.08301393408e-08	0.00136133807246
6.13287470404e-08	0.00115853730313
6.18273547399e-08	0.000304549643261
6.23259624394e-08	-0.00073613562563
6.28245701389e-08	-0.00148633497884
6.33231778384e-08	-0.00167718229204
6.38217855379e-08	-0.00129936580925
6.43203932375e-08	-0.000606626183071
6.4819000937e-08	6.25605669029e-05
6.53176086365e-08	0.000437549559138
6.5816216336e-08	0.000428261844718
6.63148240355e-08	7.79615877491e-05
6.6813431735e-08	-0.000417379240389
6.73120394345e-08	-0.000835409304273
6.78106471341e-08	-0.00102647653694
6.83092548336e-08	-0.000947734381043
6.88078625331e-08	-0.00067491023583
6.93064702326e-08	-0.000346383547367
6.98050779321e-08	-9.77457521003e-05
7.03036856316e-08	-1.2637108739e-05
7.08022933312e-08	-9.7346172879e-05
7.13009010307e-08	-0.000293228387818
7.17995087302e-08	-0.000503276136442
7.22981164297e-08	-0.000644177065624
7.27967241292e-08	-0.000671884399708
7.32953318287e-08	-0.000593983026192
7.37939395282e-08	-0.000453157623269
7.42925472278e-08	-0.000318653559589
7.47911549273e-08	-0.000242033028371
7.52897626268e-08	-0.000243839182986
7.57883703263e-08	-0.000317830403219
7.62869780258e-08	-0.000418832809373
7.67855857253e-08	-0.000507071958054
7.72841934248e-08	-0.000545973995031
7.77828011244e-08	-0.000528205142473
7.82814088239e-08	-0.000465073959276
7.87800165234e-08	-0.000391405677874
7.92786242229e-08	-0.000334746438966
7.97772319224e-08	-0.000317096969411
8.02758396219e-08	-0.000339050497132
8.07744473215e-08	-0.000388267284507
8.1273055021e-08	-0.000442408048912
8.17716627205e-08	-0.000476781635371
8.227027042e-08	-0.000482899597046
8.27688781195e-08	-0.000460287612441
8.3267485819e-08	-0.000423208362918
8.37660935185e-08	-0.000387762227547
