% time-domain current integration by openEMS v0.0.35-28-g6133dea @Mon Jan  8 13:32:13 2018
% start-coordinates: (0.499651,0.00745611,-0.0297069) m -> [86,95,74]
% stop-coordinates: (0.52,0.00745611,0.0264205) m -> [88,95,83]
% t/s	current
9.00013898042e-13	-0
4.99507713413e-10	-1.15670145533e-05
9.98115412928e-10	-1.21759630929e-05
1.49672311244e-09	-5.02823468196e-06
1.99533081196e-09	1.11958052003e-05
2.49393851147e-09	3.3047850593e-05
2.99254621099e-09	5.06791438966e-05
3.4911539105e-09	4.99152447446e-05
3.98976161002e-09	1.79864182428e-05
4.48836930953e-09	-4.76443747175e-05
4.98697700905e-09	-0.000130138723762
5.48558470856e-09	-0.000190862760064
5.98419240808e-09	-0.000179016293259
6.4828001076e-09	-5.57042767468e-05
6.98140780711e-09	0.000176198838744
7.48001550663e-09	0.000448043108918
7.97862320614e-09	0.000627418688964
8.47723090566e-09	0.000559392152354
8.97583860517e-09	0.00014583671873
9.47444630469e-09	-0.000568817602471
9.9730540042e-09	-0.00134810688905
1.04716617037e-08	-0.00180026399903
1.09702694032e-08	-0.00152201589663
1.14688771027e-08	-0.00031714735087
1.19674848023e-08	0.00160049647093
1.24660925018e-08	0.00354145490564
1.29647002013e-08	0.00450934562832
1.34633079008e-08	0.00360761838965
1.39619156003e-08	0.000555499747861
1.44605232998e-08	-0.00392721639946
1.49591309994e-08	-0.00812486279756
1.54577386989e-08	-0.0098589072004
1.59563463984e-08	-0.00744710024446
1.64549540979e-08	-0.000722758006305
1.69535617974e-08	0.00840439368039
1.74521694969e-08	0.0162789970636
1.79507771964e-08	0.0188136026263
1.8449384896e-08	0.0133843105286
1.89479925955e-08	0.000495718442835
1.9446600295e-08	-0.0156873315573
1.99452079945e-08	-0.0284849144518
2.0443815694e-08	-0.0313356816769
2.09424233935e-08	-0.0209358241409
2.1441031093e-08	0.000561378081329
2.19396387926e-08	0.025542801246
2.24382464921e-08	0.0435295589268
2.29368541916e-08	0.0455519929528
2.34354618911e-08	0.0284861829132
2.39340695906e-08	-0.00272262329236
2.44326772901e-08	-0.0362862981856
2.49312849897e-08	-0.0580956973135
2.54298926892e-08	-0.0577877014875
2.59285003887e-08	-0.0336881801486
2.64271080882e-08	0.00575547572225
2.69257157877e-08	0.0449866838753
2.74243234872e-08	0.0677180066705
2.79229311867e-08	0.0639648586512
2.84215388863e-08	0.0345828458667
2.89201465858e-08	-0.00882285181433
2.94187542853e-08	-0.0486913472414
2.99173619848e-08	-0.0689399465919
3.04159696843e-08	-0.0617554970086
3.09145773838e-08	-0.0307512022555
3.14131850834e-08	0.0108412858099
3.19117927829e-08	0.0460320450366
3.24104004824e-08	0.0612961240113
3.29090081819e-08	0.0519709810615
3.34076158814e-08	0.0236000269651
3.39062235809e-08	-0.0111000584438
3.44048312804e-08	-0.0380338542163
3.490343898e-08	-0.047590341419
3.54020466795e-08	-0.0380798280239
3.5900654379e-08	-0.0155328381807
3.63992620785e-08	0.00965921953321
3.6897869778e-08	0.0274803377688
3.73964774775e-08	0.0322474502027
3.7895085177e-08	0.0242414269596
3.83936928766e-08	0.00866664201021
3.88923005761e-08	-0.00722522847354
3.93909082756e-08	-0.0173627510667
3.98895159751e-08	-0.0190420262516
4.03881236746e-08	-0.013355480507
4.08867313741e-08	-0.00401037745178
4.13853390737e-08	0.00466914987192
4.18839467732e-08	0.00957395322621
4.23825544727e-08	0.00976049993187
4.28811621722e-08	0.00632175384089
4.33797698717e-08	0.00147252646275
4.38783775712e-08	-0.00259621371515
4.43769852707e-08	-0.00457068625838
4.48755929703e-08	-0.00429899524897
4.53742006698e-08	-0.00253540603444
4.58728083693e-08	-0.000389819062548
4.63714160688e-08	0.00121263461187
4.68700237683e-08	0.00184228993021
4.73686314678e-08	0.00158349412959
4.78672391674e-08	0.000838593463413
4.83658468669e-08	6.28018970019e-05
4.88644545664e-08	-0.000437412498286
4.93630622659e-08	-0.000577401311602
4.98616699654e-08	-0.000449410377769
5.03602776649e-08	-0.000217958542635
5.08588853644e-08	-2.13587409235e-05
5.1357493064e-08	7.85526426625e-05
5.18561007635e-08	9.24831765587e-05
5.2354708463e-08	6.70485460432e-05
5.28533161625e-08	4.45497535111e-05
5.3351923862e-08	4.08505038649e-05
5.38505315615e-08	4.66070050607e-05
5.4349139261e-08	4.33518580394e-05
5.48477469606e-08	2.05691121664e-05
5.53463546601e-08	-1.65200763149e-05
5.58449623596e-08	-5.10377976752e-05
5.63435700591e-08	-6.5552216256e-05
5.68421777586e-08	-5.26312578586e-05
5.73407854581e-08	-1.9308003175e-05
5.78393931577e-08	1.4811523215e-05
5.83380008572e-08	4.52763451904e-05
5.88366085567e-08	5.1646711654e-05
5.93352162562e-08	3.43462634191e-05
5.98338239557e-08	4.75474371342e-06
6.03324316552e-08	-2.23551687668e-05
6.08310393547e-08	-3.55071351805e-05
6.13296470543e-08	-3.10374598484e-05
6.18282547538e-08	-1.37634269777e-05
6.23268624533e-08	6.92622643328e-06
6.28254701528e-08	2.16303451452e-05
6.33240778523e-08	2.51034507528e-05
6.38226855518e-08	1.73171247297e-05
6.43212932514e-08	3.44035242961e-06
6.48199009509e-08	-9.79366268439e-06
6.53185086504e-08	-1.7081905753e-05
6.58171163499e-08	-1.66918398463e-05
6.63157240494e-08	-9.56033272814e-06
6.68143317489e-08	3.16183388804e-07
6.73129394484e-08	8.57488248585e-06
6.7811547148e-08	1.22155743156e-05
6.83101548475e-08	1.05239587356e-05
6.8808762547e-08	5.03152114106e-06
6.93073702465e-08	-1.52367078954e-06
6.9805977946e-08	-6.4134906097e-06
7.03045856455e-08	-8.01540318207e-06
7.0803193345e-08	-6.23127971267e-06
7.13018010446e-08	-2.29439342547e-06
7.18004087441e-08	1.88174067262e-06
7.22990164436e-08	4.63218839286e-06
7.27976241431e-08	5.11611096954e-06
7.32962318426e-08	3.51044923264e-06
7.37948395421e-08	6.95919709415e-07
7.42934472417e-08	-1.97866097551e-06
7.47920549412e-08	-3.4582922126e-06
7.52906626407e-08	-3.37823144037e-06
7.57892703402e-08	-1.87800094409e-06
7.62878780397e-08	1.55579087391e-07
7.67864857392e-08	1.88721332961e-06
7.72850934387e-08	2.63967490355e-06
7.77837011383e-08	2.24649602387e-06
7.82823088378e-08	9.67100959315e-07
7.87809165373e-08	-4.92274978114e-07
7.92795242368e-08	-1.60759645951e-06
7.97781319363e-08	-1.94033441403e-06
8.02767396358e-08	-1.47630157699e-06
8.07753473354e-08	-4.90015736432e-07
8.12739550349e-08	5.82006691729e-07
8.17725627344e-08	1.26296777125e-06
8.22711704339e-08	1.36293840569e-06
8.27697781334e-08	8.91485399279e-07
8.32683858329e-08	1.65250398254e-07
8.37669935324e-08	-5.46463525097e-07
